%YAML:1.0

#common parameters
imu_topic: "/imu/data"

event_left_topic: "/davis/left/events"
event_right_topic: "/davis/right/events"

image_left_topic: "/camera/left/image_mono"
image_right_topic: "/camera/right/image_mono"


system_mode: 1 # 0 for ESIO, 1 for ESVIO

output_path: "/home/cpy/Datasets/output"

###########################################################################################################################

#camera calibration
cam_left_calib: "cam0_esvio.yaml"
cam_right_calib: "cam1_esvio.yaml"

#event calibration
event_left_calib: "event0_esvio.yaml"
event_right_calib: "event1_esvio.yaml"

image_width: 1224
image_height: 1024

event_width: 640
event_height: 480


###########################################################################################################################
# Transformation between imu and left cam/event

# Extrinsic parameter between IMU and Camera.
estimate_extrinsic: 1   # 0  Have an accurate extrinsic parameters. We will trust the following imu^R_cam, imu^T_cam, don't change it.
                        # 1  Have an initial guess about extrinsic parameters. We will optimize around your initial guess.
                        # 2  Don't know anything about extrinsic parameters. You don't need to give R,T. We will try to calibrate it. Do some rotation movement at beginning.
#If you choose 0 or 1, you should write down the following matrix.
#Rotation from left camera frame to imu frame, imu^R_cam . from imu to camera

#### T_cam_imu
extrinsicRotation: !!opencv-matrix
   rows: 3
   cols: 3
   dt: d
   data: [0.017014304328419078, -0.999823414494766, 0.0079783003357361,
          0.008227025113892006, -0.007839192351438318, -0.9999354294758499,
          0.999821398803804, 0.01707884338309873, 0.008092193936149267]
extrinsicTranslation: !!opencv-matrix
   rows: 3
   cols: 1
   dt: d
   data: [0.07138061555049913 , -0.015324174578544, -0.14279853029864117]

#### Transformation between imu and left cam/event
extrinsicRotation_event: !!opencv-matrix
   rows: 3
   cols: 3
   dt: d
   data: [0.02755145, -0.99942203, 0.01991329,
          0.02426745, -0.01924626, -0.99952022,
          0.99932578, 0.02802148, 0.02372317]
extrinsicTranslation_event: !!opencv-matrix
   rows: 3
   cols: 1
   dt: d
   data: [0.07046234 , 0.02418805, -0.12929087]

T_camera_imu: 1  # whether the input is imu to cam. if yes, T_camera_imu = 1 
T_event_imu: 1  # whether the input is imu to cam. if yes, T_camera_imu = 1 


###########################################################################################################################
# Transformation between right and left camera, left to right
Rrl: !!opencv-matrix
   rows: 3
   cols: 3
   dt: d
   data: [ 0.9997191305673184, 0.02251384278277662, -0.007401814701637792,
          -0.02252628900139945, 0.9997449667048566, -0.001602451912123021, 
          0.007363849642027895, 0.001768737249467463, 0.9999713222322889]

Trl: !!opencv-matrix
   rows: 3
   cols: 1
   dt: d
   data: [-0.17140008 , 0.00347142, 0.00359648 ]

body_T_cam1: !!opencv-matrix # camera right camera to imu
   rows: 4
   cols: 4
   dt: d
   data: [0.00977674, 0.00622554, 0.99993283, 0.13973880,   
          -0.99984596, 0.01463766, 0.00968475, -0.09777298,   
          -0.01457638, -0.99987348, 0.00636769, -0.01375888,   
          0.00000000,0.00000000, 0.00000000,1.00000000]

###########################################################################################################################
# left event to right event. Rrl_event = (R_l_re)^-1 * R_l_le Rrl_event = (R_l_re)^-1 * R_l_le
Rrl_event: !!opencv-matrix
   rows: 3
   cols: 3
   dt: d
   data: [ 0.99969227, 0.02058903, -0.01383661,
          -0.02060469, 0.99978721, -0.00098964, 
          0.01381330, 0.00127444, 0.99990378] 

Trl_event: !!opencv-matrix
   rows: 3
   cols: 1
   dt: d
   data: [ -0.17169450 , 0.00155181, 0.00361229 ]

body_T_event1: !!opencv-matrix # right event to imu.  R_i_re = (R_l_i)^-1 * R_l_re R_i_re = (R_l_i)^-1 * R_l_re
   rows: 4
   cols: 4
   dt: d
   data: [0.01423265, 0.02271982, 0.99964056, 0.12547590,   
          -0.99989819, 0.00134326, 0.01420579, -0.09722105,   
          -0.00102002, -0.99974097, 0.02273661, 0.02710589,   
          0.00000000,0.00000000, 0.00000000,1.00000000]

###########################################################################################################################
#time surface map
ignore_polarity: 0 #true 1 false 0;
decay_ms: 20 #20
median_blur_kernel_size: 0 #1 or 0
feature_filter_threshold: 0.01

#feature traker paprameters
TS_LK_threshold: 128.0   # the feature detection is based on the time surface
max_cnt: 150 #250 #300 #150            # max feature number in feature tracking event
max_cnt_img: 200                       # max feature number in feature tracking image
min_dist: 10 # 20 #10            # min distance between two event features 
min_dist_img: 20 #10            # min distance between two image features 
freq: 10                # frequence (Hz) of publish tracking result. At least 10Hz for good estimation. If set 0, the frequence will be same as raw image 
F_threshold: 1.0        # ransac threshold (pixel)
show_track: 1           # publish tracking image as topic
flow_back: 1            # perform forward and backward optical flow to improve feature tracking accuracy
equalize: 0             # if image is too dark or light, trun on equalize to find enough features
fisheye: 0              # if using fisheye, trun on it. A circle mask will be loaded to remove edge noisy points
Num_of_thread: 2        #number of the threads for the big event data process

Do_motion_correction: 1 #whether use motion correction

###########################################################################################################################
#optimization parameters
max_solver_time: 0.04  # max solver itration time (ms), to guarantee real time
max_num_iterations: 8   # max solver itrations, to guarantee real time
keyframe_parallax: 10.0 # keyframe selection threshold (pixel)

###########################################################################################################################

acc_n: 0.2 #4.4793336127290362e-02 #0.1 #0.2  #4.4793336127290362e-02        # accelerometer measurement noise standard deviation. #0.2   0.04
gyr_n: 0.05 #3.1404034561189407e-03 #0.025 #0.05 #3.1404034561189407e-03        # gyroscope measurement noise standard deviation.     #0.05  0.004
acc_w: 0.002 #8.0169405615955990e-04 #0.001 #0.002 #8.0169405615955990e-04        # accelerometer bias random work noise standard deviation.  #0.002
gyr_w: 4.0e-5 #2.8618210492185127e-05 #2.0e-5 #4.0e-5 #2.8618210492185127e-05       # gyroscope bias random work noise standard deviation.     #4.0e-5
g_norm: 9.80766     # gravity magnitude

###########################################################################################################################

#unsynchronization parameters
estimate_td: 1                      # online estimate time offset between camera and imu
td: 0.008392591842193153 #0.00777437                # initial value of time offset. unit: s. readed image clock + td = real image clock (IMU clock)

#rolling shutter parameters
rolling_shutter: 0                  # 0: global shutter camera, 1: rolling shutter camera
rolling_shutter_tr: 0               # unit: s. rolling shutter read out time per frame (from data sheet).

###########################################################################################################################

#loop closure parameters
loop_closure: 1                    # start loop closure

loop_closure_topic: "/camera/left/image_mono"   
load_previous_pose_graph: 0 #1        # load and reuse previous pose graph; load from 'pose_graph_save_path'
fast_relocalization: 0             # useful in real-time and large project

#visualization parameters
save_image: 1                   #  (DEBUG_IMAGE)  
visualize_imu_forward: 1        # output imu forward propogation to achieve low latency and high frequence results
visualize_camera_size: 0.4      # size of camera marker in RVIZ
save_loop_match: 0              # 
