%YAML:1.0
---
model_type: PINHOLE
camera_name: camera
image_width: 640
image_height: 480
distortion_parameters:
   k1: -0.031982
   k2: 0.041966
   p1: -0.000507
   p2: -0.001031
projection_parameters:
   fx: 327.32749
   fy: 327.46184
   cx: 304.97749
   cy: 235.37621